287216432595856
287216499415148
287216565837615
287216632534806
287216699201473
287216760174601
287216818502563
287216868685712
287216918410989
287216976963363
287217043935280
287217110601947
287217177543339
287217244423681
287217311334548
287217378153840
287217445003656
287217511945048
287217578733815
287217645621281
287217720799066
287217787465733
287217862440578
287217937404680
287218012410050
287218079046192
287218145712859
287218212349000
287218279015667
287218345651809
287218412287950
287218478954617
287218545590759
287218612226900
287218678893567
287218745560234
287218812226900
287218878832517
287218945407608
287219012135325
287219078771467
287219145407608
287219212074275
287219278801992
287219345346558
287219412013225
287219478679892
287219545377083
287219611952175
287219678622661
287219745289327
287219811925469
287219878561611
287219945228277
287220011894944
287220078561611
287220145167227
287220211742319
287220278500561
287220345197752
287220411772844
287220478500561
287220545014602
287220611711794
287220678378460
287220744953552
287220811681269
287220878408985
287220944861977
287221011589694
287221078225835
287221144800927
287221203189940
287221269948181
287221336401173
287221394800930
287221461467596
287221519734509
287221578317408
287221645227011
287221711985252
287221778926644
287221845776461
287221912809428
287221979506620
287222046356437
287222113267304
287222188414563
287222263419934
287222338475611
287222405050702
287222480025548
287222546753265
287222613328356
287222679964498
287222746631165
287222813297831
287222879903448
287222946631165
287223013206256
287223079842398
287223146509065
287223213145206
287223279811873
287223346509065
287223413084156
287223479750823
287223546386964
287223613023106
287223679690649
287223746509941
287223812932407
287223879629599
287223946296265
287224012962932
287224079568549
287224146387840
287224212901882
287224279538024
287224346174165
287224412840832
287224479538024
287224546387840
287224612779782
287224679446448
287224746021540
287224812749257
287224879415923
287224945929965
287225012657682
287225079232773
287225137621786
287225204257928
287225254380030
287225312779779
287225379660121
287225446509938
287225513390280
287225580240097
287225647121982
287225713971799
287225997457763
287226064093905
287226122421867
287226189058009
287226247610383
287226314460200
287226381340542
287226448190359
287226515070700
287226582042617
287226648800859
287226715650676
287226790797936
287226857495128
287226932439448
287227007373025
287227074100741
287227149075587
287227215833829
287227282378395
287227349014537
287227415589629
287227482317345
287227548984012
287227615650679
287227682256472
287227748923139
287227815711906
287227882195422
287227948862089
287228015528756
287228082164897
287228148801039
287228215467706
287228282134372
287228348770514
287228415406655
287228482012272
287228540401285
287228598678941
287228665345608
287228732012275
287228798648416
287228865284558
287228931920700
287228990248662
287229048739986
